1599459,0.152934
1599509,0.152934
1599548,0.152934
1599590,0.152934
1599629,0.152934
1599667,0.152934
1599706,0.152934
1599742,0.152934
1599779,0.152934
1599817,0.152934
1599854,0.152934
1599922,0.152934
1599959,0.152934
1599997,0.152934
1600036,0.152934
1600073,0.152934
1600110,0.152934
1600148,0.152934
1600187,0.152934
1600225,0.152934
1600265,0.152934
1600304,0.152934
1600344,0.152934
1600384,0.152934
1600421,0.152934
1600460,0.152934
1600498,0.152934
1600537,0.152934
1600575,0.152934
1600614,0.152934
1600652,0.152934
1600692,0.152934
1600732,0.152934
1600770,0.152934
1600808,0.152934
1600851,0.152934
1600892,0.152934
1600932,0.152934
1600971,0.152934
1601010,0.152934
1601049,0.152934
1601088,0.152934
1601126,0.152934
1601168,0.152934
1601207,0.152934
1601247,0.152934
1601285,0.152934
1601324,0.152934
1601362,0.152934
1601399,0.152934
1601437,0.152934
1601476,0.152934
1601514,0.152934
1601551,0.152934
1601588,0.152934
1601625,0.152934
1601664,0.152934
1601702,0.152934
1601739,0.152934
1601777,0.152934
1601817,0.152934
1601854,0.152934
1601891,0.152934
1601930,0.152934
1601971,0.152934
1602010,0.152934
1602047,0.152934
1602084,0.152934
1602121,0.152934
1602158,0.152934
1602194,0.152934
1602232,0.152934
1602270,0.152934
1602309,0.152934
1602349,0.152934
1602386,0.152934
1602424,0.152934
1602462,0.152934
1602501,0.152934
1602538,0.152934
1602576,0.152934
1602614,0.152934
1602651,0.152934
1602687,0.152934
1602725,0.152934
1602763,0.152934
1602800,0.152934
1602837,0.152934
1602874,0.152934
1602910,0.152934
1602948,0.152934
1602987,0.152934
1603026,0.152934
1603065,0.152934
1603102,0.152934
1603139,0.152934
1603176,0.152934
1603214,0.152934
1603251,0.152934
1603288,0.152934
1603325,0.152934
1603363,0.152934
1603399,0.152934
1603436,0.152934
1603474,0.152934
1603512,0.152934
1603551,0.152934
1603589,0.152934
1603625,0.152934
1603662,0.152934
1603698,0.152934
1603735,0.152934
1603772,0.152934
1603809,0.152934
1603845,0.152934
1603881,0.152934
1603918,0.152934
1603954,0.152934
1603992,0.152934
1604029,0.152934
1604066,0.152934
1604104,0.152934
1604141,0.152934
1604177,0.152934
1604214,0.152934
1604251,0.152934
1604287,0.152934
1604324,0.152934
1604361,0.152934
1604398,0.000000
1604435,0.000000
1604472,0.000000
1604510,0.000000
1604547,0.000000
1604586,0.000000
1604624,0.023333
1604660,0.003796
1604697,0.041456
1604734,0.058921
1604771,0.058896
1604808,0.048963
1604845,0.030229
1604882,0.021249
1604919,0.015287
1604956,0.011620
1604994,0.009182
1605032,0.007598
1605069,0.006633
1605106,0.005383
1605143,0.004050
1605179,0.000000
1605216,0.000000
1605253,0.000000
1605290,0.000000
1605326,0.000000
1605364,0.000000
1605401,0.000000
1605438,0.000000
1605476,0.000000
1605513,0.000000
1605549,0.000000
1605586,0.000000
1605625,0.000000
1605662,0.000000
1605699,0.000000
1605736,0.000000
1605772,0.000000
1605810,0.000000
1605848,0.000000
1605886,0.000000
1605923,0.000000
1605961,0.000000
1605998,0.000000
1606037,0.000000
1606075,0.000000
1606113,0.000000
1606151,0.000000
1606189,0.000000
1606228,0.000000
1606266,0.000000
1606304,0.000000
1606342,0.057002
1606379,0.367771
1606418,0.644304
1606457,0.947762
1606497,1.428778
1606535,1.757073
1606572,2.087746
1606611,2.419508
1606649,2.917408
1606687,3.248702
1606726,3.580655
1606763,4.069798
1606801,4.374634
1606839,4.643407
1606876,4.838734
1606915,5.055239
1606953,5.081455
1606991,5.254834
1607031,5.556871
1607068,5.742337
1607106,5.923791
1607143,6.105109
1607182,6.360967
1607220,6.525574
1607258,6.700975
1607296,6.964231
1607334,7.146767
1607371,7.291103
1607410,7.558777
1607448,8.043900
1607486,8.384031
1607524,8.692429
1607562,9.171221
1607601,9.484579
1607639,9.832129
1607677,10.135437
1607715,10.564370
1607752,10.783702
1607790,10.912345
1607827,10.989962
1607866,10.994606
1607904,11.003294
1607943,11.126090
1607980,11.357388
1608018,11.624983
1608056,11.998793
1608095,12.404963
1608132,12.978006
1608170,13.338036
1608209,13.679466
1608246,14.168448
1608284,14.478964
1608323,14.758068
1608361,15.077932
1608398,15.558282
1608436,15.895150
1608474,16.201493
1608513,16.685682
1608551,17.007893
1608589,17.346995
1608627,17.653773
1608666,18.106075
1608704,18.325367
1608743,18.661602
1608782,19.153920
1608820,19.450793
1608857,19.755813
1608895,20.130870
1608933,20.259108
1608971,20.340663
1609009,20.368711
1609047,20.268078
1609085,20.218038
1609122,20.209900
1609161,20.228510
1609199,20.555686
1609236,20.919351
1609274,21.345292
1609312,22.039271
1609350,22.514641
1609388,22.897810
1609426,23.207466
1609465,23.705509
1609503,24.025448
1609542,24.341398
1609580,24.750802
1609618,24.913422
1609656,25.173576
1609696,25.698178
1609734,26.026692
1609772,26.327446
1609810,26.583186
1609848,26.919841
1609886,27.076025
1609924,27.133132
1609963,27.035620
1610001,26.962849
1610040,26.888928
1610078,26.775038
1610118,26.700085
1610156,26.625517
1610194,26.550651
1610235,26.442046
1610273,26.363486
1610311,26.288752
1610350,25.936379
1610388,24.926978
1610427,24.006380
1610466,22.662369
1610505,21.740634
1610545,20.794318
1610582,19.347738
1610620,18.418078
1610658,17.467029
1610698,15.946636
1610735,14.903253
1610773,13.853404
1610814,12.270505
1610852,11.151326
1610889,9.917195
1610932,9.128331
1610969,8.766957
1611008,8.430884
1611045,8.012722
1611083,7.745435
1611121,7.472363
1611160,7.200560
1611198,6.797837
1611236,6.531297
1611274,6.245334
1611313,5.867756
1611351,5.584191
1611390,5.157932
1611428,4.799909
1611466,4.399273
1611504,4.137754
1611543,3.889003
1611580,3.809192
1611620,3.913911
1611657,4.031554
1611695,4.220033
1611734,4.380823
1611772,4.581319
1611810,4.759584
1611848,4.989032
1611885,5.175716
1611924,5.357068
1611962,5.602754
1612001,5.792807
1612039,5.974329
1612080,6.225953
1612118,6.414638
1612155,6.596020
1612193,6.774378
1612231,7.026050
1612268,7.191637
1612307,7.361560
1612344,7.535233
1612386,7.798599
1612423,7.974208
1612460,8.148846
1612498,8.409728
1612535,8.583556
1612575,8.757807
1612612,9.018860
1612649,9.191385
1612687,9.362495
1612725,9.533591
1612764,9.789189
1612802,9.957095
1612840,10.106257
1612877,10.216294
1612915,10.403835
1612953,10.439003
1612992,10.421969
1613029,10.286690
1613067,10.169921
1613105,10.082938
1613143,10.007387
1613182,9.913705
1613219,9.787949
1613258,9.627137
1613296,9.258576
1613333,8.934195
1613371,8.521500
1613409,8.153660
1613449,7.777392
1613486,7.554084
1613524,7.327171
1613562,6.968464
1613600,6.721593
1613637,6.474000
1613675,6.228161
1613712,5.861383
1613750,5.617050
1613788,5.384997
1613827,5.128554
1613865,4.762352
1613903,4.518810
1613940,4.287902
1613978,3.931080
1614016,3.685579
1614055,3.611517
1614093,3.483934
1614131,3.217591
1614169,3.175951
1614207,3.325790
1614244,3.681515
1614282,3.987546
1614321,4.299380
1614359,4.609323
1614397,5.030772
1614434,5.243454
1614472,5.371527
1614510,5.471434
1614547,5.605964
1614587,5.817941
1614625,6.011043
1614663,6.293593
1614700,6.469628
1614738,6.642761
1614776,6.816479
1614814,7.080944
1614852,7.258335
1614889,7.426723
1614928,7.612512
1614967,7.877680
1615004,8.054478
1615041,8.240300
1615079,8.497225
1615118,8.674484
1615155,8.852179
1615194,9.038833
1615231,9.288253
1615269,9.475614
1615306,9.654302
1615344,9.835939
1615385,10.068941
1615424,10.146307
1615461,10.128341
1615500,10.042645
1615537,9.909296
1615574,9.822590
1615611,9.748996
1615649,9.641340
1615686,9.539687
1615723,9.413357
1615761,9.211205
1615799,8.776303
1615838,8.400264
1615876,7.991773
1615914,7.608725
1615952,7.301949
1615989,6.212584
1616028,5.389925
1616066,4.088688
1616103,3.185209
1616141,2.224189
1616179,0.913065
1616216,0.039180
1616253,0.260324
1616290,0.111944
1616327,0.094417
1616365,0.043189
1616403,0.022097
1616441,0.068945
1616479,0.076896
1616517,0.050727
1616554,0.028588
1616592,0.020976
1616630,0.022067
1616667,0.019669
1616704,0.004439
1616743,0.023760
1616781,0.023760
1616817,0.023760
1616854,0.023760
1616896,0.023760
1616933,0.023760
1616970,0.023760
1617009,0.023760
1617047,0.023760
1617084,0.023760
1617121,0.023760
1617159,0.023760
1617196,0.023760
1617233,0.023760
1617271,0.023760
1617309,0.023760
1617346,0.023760
1617383,0.023760
1617420,0.023760
1617457,0.023760
1617496,0.023760
1617532,0.023760
1617570,0.023760
1617608,0.023760
1617648,0.023760
1617686,0.023760
1617722,0.023760
1617761,0.023760
1617799,0.023760
1617836,0.023760
1617876,0.023760
1617916,0.023760
1617954,0.023760
1617991,0.023760
1618029,0.023760
1618068,0.023760
1618105,0.023760
1618142,0.023760
1618179,0.023760
1618216,0.023760
1618252,0.023760
1618290,0.023760
1618327,0.023760
1618366,0.023760
1618405,0.023760
1618443,0.023760
1618481,0.023760
1618518,0.023760
1618555,0.023760
1618596,0.023760
1618635,0.023760
1618676,0.023760
1618715,0.023760
1618754,0.023760
1618793,0.023760
1618832,0.023760
1618869,0.023760
1618906,0.023760
1618946,0.023760
1618983,0.023760
1619021,0.023760
1619058,0.023760
1619096,0.023760
1619133,0.023760
1619170,0.000000
1619208,0.023760
1619244,0.023760
1619284,0.023760
1619321,0.023760
1619361,0.023760
1619401,0.000000
1619440,0.000000
1619480,0.025764
1619518,0.033788
1619556,0.033788
1619593,0.000000
1619631,0.000000
1619667,0.000000
1619703,0.000000
1619738,0.000000
1619774,0.000000
1619811,0.000000
1619847,0.000000
1619885,0.000000
1619926,0.000000
1619970,0.000000
1620012,0.000000
1620050,0.000000
1620090,0.000000
1620129,0.000000
1620170,0.000000
1620207,0.000000
1620243,0.000000
1620281,0.000000
1620320,0.000000
1620357,0.000000
1620394,0.000000
1620431,0.000000
1620475,0.000000
1620514,0.000000
1620551,0.000000
1620589,0.000000
1620626,0.000000
1620665,0.000000
1620705,0.000000
1620743,0.000000
1620780,0.000000
1620821,0.000000
1620859,0.000000
1620896,0.000000
1620934,0.000000
1620974,0.000000
1621010,0.000000
1621049,0.000000
1621087,0.000000
1621126,0.000000
1621164,0.000000
1621203,0.000000
1621242,0.000000
1621284,0.000000
1621323,0.000000
1621360,0.000000
1621399,0.000000
1621437,0.000000
1621475,0.000000
1621511,0.000000
1621550,0.000000
1621587,0.000000
1621624,0.000000
1621660,0.000000
1621698,0.000000
1621735,0.000000
1621773,0.000000
1621810,0.000000
1621847,0.000000
1621883,0.000000
1621919,0.000000
1621955,0.000000
1621995,0.000000
1622032,0.000000
1622070,0.000000
1622107,0.000000
1622145,0.000000
1622183,0.000000
1622219,0.000000
1622256,0.000000
1622295,0.000000
1622334,0.000000
1622372,0.000000
1622409,0.000000
1622447,0.000000
1622487,0.000000
1622525,0.000000
1622565,0.000000
1622602,0.000000
1622640,0.000000
1622677,0.000000
1622716,0.000000
1622754,0.000000
1622793,0.000000
1622830,0.000000
1622874,0.000000
1622915,0.000000
1622953,0.000000
1622990,0.000000
1623027,0.000000
1623065,0.000000
1623102,0.000000
1623140,0.000000
1623177,0.000000
1623217,0.000000
1623262,0.000000
1623306,0.000000
1623357,0.000000
1623398,0.000000
1623437,0.000000
1623474,0.000000
1623510,0.000000
1623547,0.000000
1623584,0.000000
1623620,0.000000
1623658,0.000000
1623695,0.000000
1623733,0.000000
1623771,0.000000
1623808,0.000000
1623845,0.000000
1623882,0.000000
1623918,0.000000
1623955,0.000000
1623992,0.000000
1624030,0.000000
1624066,0.000000
1624103,0.000000
1624140,0.000000
1624176,0.000000
1624214,0.000000
1624250,0.000000
1624286,0.000000
1624324,0.000000
1624363,0.000000
1624402,0.000000
1624439,0.000000
1624476,0.000000
1624514,0.000000
1624554,0.000000
1624594,0.000000
1624633,0.000000
1624671,0.000000
1624708,0.000000
1624745,0.000000
1624783,0.000000
1624819,0.000000
1624857,0.000000
1624894,0.000000
1624931,0.000000
1624968,0.000000
1625006,0.000000
1625043,0.000000
1625081,0.000000
1625118,0.000000
1625155,0.000000
1625192,0.000000
1625229,0.000000
1625266,0.000000
1625303,0.000000
1625340,0.000000
1625376,0.000000
1625414,0.000000
1625451,0.000000
1625488,0.000000
1625525,0.000000
1625561,0.000000
1625597,0.000000
1625635,0.000000
1625672,0.000000
1625710,0.000000
1625746,0.000000
1625784,0.000000
1625821,0.000000
1625858,0.000000
1625898,0.000000
1625937,0.000000
1625975,0.000000
1626013,0.000000
1626051,0.000000
1626088,0.000000
1626124,0.000000
1626160,0.000000
1626198,0.000000
1626234,0.000000
1626271,0.000000
1626308,0.000000
1626344,0.000000
1626383,0.000000
1626420,0.000000
1626457,0.000000
1626494,0.000000
1626532,0.000000
1626569,0.000000
1626605,0.000000
1626642,0.000000
1626678,0.000000
1626715,0.000000
1626752,0.000000
1626791,0.000000
1626826,0.000000
1626864,0.000000
1626902,0.000000
1626938,0.000000
1626976,0.000000
1627013,0.000000
1627049,0.000000
1627087,0.000000
1627123,0.000000
1627161,0.000000
1627198,0.000000
1627233,0.000000
1627271,0.000000
1627309,0.000000
1627345,0.000000
1627382,0.000000
1627420,0.000000
1627456,0.000000
1627498,0.000000
1627535,0.000000
1627573,0.000000
1627609,0.000000
1627646,0.000000
1627685,0.000000
1627723,0.000000
1627760,0.000000
1627796,0.000000
1627833,0.000000
1627869,0.000000
1627907,0.000000
1627943,0.000000
1627981,0.000000
1628018,0.000000
1628055,0.000000
1628091,0.000000
1628128,0.000000
1628165,0.000000
1628202,0.000000
1628239,0.000000
1628276,0.000000
1628312,0.000000
1628349,0.000000
1628385,0.000000
1628422,0.000000
1628458,0.000000
1628494,0.000000
1628533,0.000000
1628570,0.000000
1628607,0.000000
1628644,0.000000
1628683,0.000000
1628742,0.000000
1628779,0.000000
1628816,0.000000
1628853,0.000000
1628891,0.000000
1628927,0.000000
1628965,0.000000
1629001,0.000000
1629037,0.000000
1629074,0.000000
1629110,0.000000
1629148,0.000000
1629184,0.000000
1629220,0.000000
1629257,0.000000
1629293,0.000000
1629331,0.000000
1629368,0.000000
1629404,0.000000
1629442,0.000000
1629479,0.000000
1629515,0.000000
1629553,0.000000
1629589,0.000000
1629626,0.000000
1629662,0.000000
1629699,0.000000
1629737,0.000000
1629775,0.000000
1629811,0.000000
1629848,0.000000
1629885,0.000000
1629921,0.000000
1629959,0.000000
1629998,0.000000
1630033,0.000000
1630072,0.000000
1630110,0.000000
1630146,0.000000
1630182,0.000000
1630219,0.000000
1630257,0.000000
1630293,0.000000
1630331,0.000000
1630367,0.000000
1630405,0.000000
1630442,0.000000
1630477,0.000000
1630514,0.000000
1630552,0.000000
1630589,0.000000
1630625,0.000000
1630662,0.000000
1630699,0.000000
1630737,0.000000
1630774,0.000000
1630812,0.000000
1630848,0.000000
1630885,0.000000
1630922,0.000000
1630959,0.000000
1630995,0.000000
1631032,0.000000
1631068,0.000000
1631105,0.000000
1631143,0.000000
1631180,0.000000
1631216,0.000000
1631253,0.000000
1631291,0.000000
1631327,0.000000
1631363,0.000000
1631400,0.000000
1631437,0.000000
1631473,0.000000
1631510,0.000000
1631550,0.000000
1631591,0.000000
1631628,0.000000
1631664,0.000000
1631701,0.000000
1631737,0.000000
1631775,0.000000
1631812,0.000000
1631849,0.000000
1631885,0.000000
1631922,0.000000
1631958,0.000000
1631995,0.000000
1632032,0.000000
1632068,0.000000
1632105,0.000000
1632143,0.000000
1632180,0.000000
1632215,0.000000
1632253,0.000000
1632289,0.000000
1632325,0.000000
1632361,0.000000
1632397,0.000000
1632434,0.000000
1632471,0.000000
1632508,0.000000
1632544,0.000000
1632580,0.000000
1632617,0.000000
1632655,0.000000
1632691,0.000000
1632728,0.000000
1632765,0.000000
1632802,0.000000
1632838,0.000000
1632876,0.000000
1632913,0.000000
1632950,0.000000
1632987,0.000000
1633024,0.000000
1633060,0.000000
1633096,0.000000
1633135,0.000000
1633171,0.000000
1633209,0.000000
1633245,0.000000
1633282,0.000000
1633318,0.000000
1633355,0.000000
1633392,0.000000
1633428,0.000000
1633465,0.000000
1633502,0.000000
1633538,0.000000
1633574,0.000000
1633612,0.000000
1633648,0.000000
1633685,0.000000
1633722,0.000000
1633759,0.000000
1633796,0.000000
1633833,0.000000
1633870,0.000000
1633907,0.000000
1633943,0.000000
1633980,0.000000
1634018,0.000000
1634055,0.000000
1634093,0.000000
1634130,0.000000
1634166,0.000000
1634203,0.000000
1634239,0.000000
1634277,0.000000
1634314,0.000000
1634353,0.000000
1634391,0.000000
1634427,0.000000
1634465,0.000000
1634501,0.000000
1634539,0.000000
1634576,0.000000
1634613,0.000000
1634650,0.000000
1634687,0.000000
1634726,0.000000
1634763,0.000000
1634801,0.000000
1634838,0.000000
1634874,0.000000
1634911,0.000000
1634948,0.000000
1634985,0.000000
1635027,0.000000
1635064,0.000000
1635101,0.000000
1635138,0.000000
1635175,0.000000
1635212,0.000000
1635249,0.000000
1635286,0.000000
1635323,0.000000
1635359,0.000000
1635397,0.000000
1635433,0.000000
1635470,0.000000
1635508,0.000000
1635547,0.000000
1635586,0.000000
1635623,0.000000
1635660,0.000000
1635698,0.000000
1635734,0.000000
1635771,0.000000
1635808,0.000000
1635844,0.000000
1635881,0.000000
1635917,0.000000
1635953,0.000000
1635990,0.000000
1636027,0.000000
1636063,0.000000
1636100,0.000000
1636137,0.000000
1636173,0.000000
1636210,0.000000
1636246,0.000000
1636283,0.000000
1636320,0.000000
1636356,0.000000
1636393,0.000000
1636430,0.000000
1636467,0.000000
1636504,0.000000
1636542,0.000000
1636578,0.000000
1636615,0.000000
1636651,0.000000
1636688,0.000000
1636726,0.000000
1636763,0.000000
1636799,0.000000
1636836,0.000000
1636872,0.000000
1636909,0.000000
1636945,0.000000
1636982,0.000000
1637019,0.000000
1637057,0.000000
1637094,0.000000
1637131,0.000000
1637167,0.000000
1637204,0.000000
1637241,0.000000
1637279,0.000000
1637315,0.000000
1637351,0.000000
1637387,0.000000
1637424,0.000000
1637462,0.000000
1637498,0.000000
1637536,0.000000
1637572,0.000000
1637609,0.000000
1637646,0.000000
1637682,0.000000
1637723,0.000000
1637760,0.000000
1637798,0.000000
1637835,0.000000
1637871,0.000000
1637909,0.000000
1637946,0.000000
1637983,0.000000
1638019,0.000000
1638057,0.000000
1638094,0.000000
1638131,0.000000
1638169,0.000000
1638205,0.000000
1638241,0.000000
1638280,0.000000
1638316,0.000000
1638352,0.000000
1638389,0.000000
1638427,0.000000
1638463,0.000000
1638503,0.000000
1638539,0.000000
1638576,0.000000
1638613,0.000000
1638650,0.000000
1638687,0.000000
1638724,0.000000
1638761,0.000000
1638800,0.000000
1638837,0.000000
1638873,0.000000
1638910,0.000000
1638947,0.000000
1638984,0.000000
1639040,0.000000
1639077,0.000000
1639114,0.000000
1639150,0.000000
1639186,0.000000
1639223,0.000000
1639260,0.000000
1639296,0.000000
1639332,0.000000
1639370,0.000000
1639406,0.000000
1639444,0.000000
1639480,0.000000
1639520,0.000000
1639558,0.000000
1639595,0.000000
1639632,0.000000
1639669,0.000000
1639708,0.000000
1639745,0.000000
1639781,0.000000
1639816,0.000000
1639853,0.000000
1639894,0.000000
1639930,0.000000
1639967,0.000000
1640004,0.000000
1640043,0.000000
1640081,0.000000
1640117,0.000000
1640154,0.000000
1640191,0.000000
1640227,0.000000
1640264,0.000000
1640300,0.000000
1640338,0.000000
1640375,0.000000
1640411,0.000000
1640447,0.000000
1640484,0.000000
1640520,0.000000
1640557,0.000000
1640594,0.000000
1640631,0.000000
1640667,0.000000
1640704,0.000000
1640741,0.000000
1640778,0.000000
1640814,0.000000
1640851,0.000000
1640888,0.000000
1640926,0.000000
1640962,0.000000
1640999,0.000000
1641036,0.000000
1641072,0.000000
1641109,0.000000
1641145,0.000000
1641182,0.000000
1641220,0.000000
1641257,0.000000
1641293,0.000000
1641330,0.000000
1641366,0.000000
1641402,0.000000
1641439,0.000000
1641478,0.000000
1641515,0.000000
1641553,0.000000
1641590,0.000000
1641626,0.000000
1641663,0.000000
1641699,0.000000
1641736,0.000000
1641772,0.000000
1641809,0.000000
1641845,0.000000
1641881,0.000000
1641917,0.000000
1641955,0.000000
1641991,0.000000
1642028,0.000000
1642064,0.000000
1642101,0.000000
1642138,0.000000
1642176,0.000000
1642218,0.000000
1642254,0.000000
1642294,0.000000
1642331,0.000000
1642368,0.000000
1642405,0.000000
1642442,0.000000
1642479,0.000000
1642519,0.000000
1642557,0.000000
1642595,0.000000
1642630,0.000000
1642667,0.000000
1642704,0.000000
1642741,0.000000
1642777,0.000000
1642815,0.000000
1642851,0.000000
1642889,0.000000
1642925,0.000000
1642962,0.000000
1642998,0.000000
1643036,0.000000
1643073,0.000000
1643112,0.000000
1643148,0.000000
1643185,0.000000
1643222,0.000000
1643259,0.000000
1643296,0.000000
1643332,0.000000
1643369,0.000000
1643406,0.000000
1643443,0.000000
1643480,0.000000
1643517,0.000000
1643554,0.000000
1643591,0.000000
1643627,0.000000
1643665,0.000000
1643701,0.000000
1643737,0.000000
1643778,0.000000
1643816,0.000000
1643852,0.000000
1643890,0.000000
1643926,0.000000
1643964,0.000000
1644001,0.000000
1644037,0.000000
1644075,0.000000
1644112,0.000000
1644149,0.000000
1644187,0.000000
1644223,0.000000
1644259,0.000000
1644295,0.000000
1644333,0.000000
1644370,0.000000
1644406,0.000000
1644442,0.000000
1644479,0.000000
1644516,0.000000
1644552,0.000000
